Le sommets 24 n'a pas été trouvé
debug graphe
Graphe avec au max C =99, un distance total de 2101.2863094859918 et 5 circuits
mom avec 33 sommets
pivot = 13
mom
0, 23, 22, 3, 28, 31, 5, 20, 16, 24, 15, 9, 26, 2, 30, 29, 12, 18, 13, 8, 11, 17, 1, 0, 25, 6, 4, 14, 10, 27, 0, 21, 19, 7,
Graphe avec au max C =99, un distance total de 2126.664800028353 et 5 circuits
dad avec 35 sommets
pivot = 9
dad
0, 3, 11, 23, 8, 4, 7, 21, 0, 12, 14, 25, 13, 30, 18, 27, 1, 0, 9, 6, 17, 26, 2, 16, 28, 19, 29, 31, 22, 24, 0, 10, 5, 15, 20,
child1
0, 23, 22, 3, 28, 31, 5, 20, 16, 24, 15, 9, 26, 2, 30, 29, 12, 18, 11, 6, 17, 1, 25, 4, 14, 19, 27, 21, 0, 10, 7, 13, 8,
child2
0, 3, 11, 23, 8, 4, 7, 21, 0, 12, 14, 25, 13, 30, 18, 27, 1, 0, 15, 20, 9, 17, 26, 0, 2, 6, 16, 28, 10, 29, 0, 31, 19, 5, 22,
fin debug